# This starts from 'ignition on' on the joystick controller.
---initialised---
(64) [20][00][00][04][00][80][00][00]
(64) [20][00][00][04][00][80][00][00]
(170) [AA][04]
(64) [23][00][00][00][00][40][00][00]
(8) [A3]
(64) [23][00][00][00][00][40][00][00]
(64) [21][00][00][00][00][40][00][00]
(8) [A1]
(64) [21][00][00][00][00][40][00][00]
(64) [24][00][00][00][00][57][00][00]
(8) [A4]
(64) [24][00][00][00][00][57][00][00]
(170) [AA][04]
170-keepalive
170-keepalive
170-keepalive
170-keepalive
170-keepalive
170-keepalive
170-keepalive
170-keepalive
170-keepalive
170-keepalive
170-keepalive
170-keepalive
170-keepalive
170-keepalive
170-keepalive
170-keepalive
170-keepalive
170-keepalive
170-keepalive
170-keepalive
170-keepalive
170-keepalive
170-keepalive
170-keepalive
170-keepalive
170-keepalive
170-keepalive
170-keepalive
170-keepalive
170-keepalive
170-keepalive
170-keepalive
170-keepalive
(64) [27][00][00][00][00][57][00][00]
170-keepalive
170-keepalive
(64) [B0][01][0C]
(64) [13][01][00][01][00][FF][00][00]
(669) [B0][01][0C]
(64) [30][01][00][01]
170-keepalive
(64) [B0][01][0C]
(701) [AA][04][0C]
(8) [B0][01][02]
170-keepalive
(64) [B0][01][10]
(668) [03][00][1A]
(8) [B0][01][02][0C][BC]
(8) [10][00][00][00][00][FF][00][00]
170-keepalive
(64) [B0][01][10]
(700) [03][00][0A]
(64) [90][01][00][00][06][29][00][00]
(8) [B0][01][02]
(8) [10][00][00][01][06][29][00][00]
170-keepalive
(64) [B0][01][10]
(64) [90][01][00][01][8B][EA][00][00]
(8) [B0][01][10]
(8) [12][00][00][00][80][00][00][00]
170-keepalive
(64) [B0][01][10]
(669) [AA][04][10]
(8) [B0][01][10]
170-keepalive
(64) [B0][01][10]
(701) [AA][04][10]
(8) [B0][01][10]
170-keepalive
(64) [B0][01][10]
(668) [03][00][1A]
(8) [B0][01][10]
170-keepalive
(64) [B0][01][10]
(700) [03][00][0A]
(64) [30][01][00][0E]
(64) [30][01][00][0D]
(64) [30][01][00][07]
(8) [B0][01][10][0E][00][0D][00]
(8) [B0][07][00]
170-keepalive
(64) [B0][01][20]
(8) [B0][01][20][07][00]
170-keepalive
(64) [B0][01][20]
(669) [AA][04][20]
(8) [B0][01][20][07][00]
170-keepalive
(64) [B0][01][20]
(701) [AA][04][20]
(8) [B0][01][20][0C][BC][0E][00]
(8) [B0][0D][00][07][00]
170-keepalive
(64) [B0][01][20]
(668) [03][00][1A]
(8) [B0][01][20][07][00]
170-keepalive
(64) [B0][01][20]
(700) [03][00][0A]
(8) [B0][01][20][07][00]
170-keepalive
(64) [B0][01][20]
(8) [B0][01][20][07][00]
170-keepalive
(64) [B0][01][20]
(669) [AA][04][20]
(8) [B0][01][20][07][00]
170-keepalive
(64) [B0][01][20]
(701) [AA][04][20]
(8) [B0][01][20][07][00]
170-keepalive
(64) [B0][01][20]
(668) [03][00][1A]
(8) [B0][01][20][07][00]
170-keepalive
(64) [B0][01][20]
(700) [03][00][0A]
(8) [B0][01][20][07][00]
170-keepalive
(64) [B0][01][20]
(8) [B0][01][20][07][00]
170-keepalive
(64) [B0][01][20]
(669) [AA][04][20]
(8) [B0][01][20][07][00]
170-keepalive
(64) [B0][01][20]
(701) [AA][04][20]
(8) [B0][01][20][0C][BC][0E][00]
(8) [B0][0D][00][07][00]
170-keepalive
(64) [B0][01][20]
(668) [03][00][1A]
(8) [B0][01][20][07][00]
170-keepalive
(64) [B0][01][20]
(700) [03][00][0A]
(8) [B0][01][20][07][00]
170-keepalive
(64) [B0][01][20]
(8) [B0][01][20][07][00]
170-keepalive
(64) [B0][01][20]
(669) [AA][04][20]
(8) [B0][01][20][07][00]
170-keepalive
(64) [B0][01][20]
(701) [AA][04][20]
(8) [B0][01][20][07][00]
170-keepalive
(64) [B0][01][20]
(668) [03][00][1A]
(8) [B0][01][20][07][00]
170-keepalive
(64) [B0][01][20]
(700) [03][00][0A]
(8) [B0][01][20][07][00]
170-keepalive
(64) [B0][01][20]
(8) [B0][01][20][07][00]
170-keepalive
(64) [B0][01][20]
(669) [AA][04][20]
(8) [B0][01][20][07][00]
170-keepalive
(64) [B0][01][20]
(701) [AA][04][20]
(8) [B0][01][20][0C][BC][0E][00]
(8) [B0][0D][00][07][00]
170-keepalive
(64) [B0][01][20]
(668) [03][00][1A]
(8) [B0][01][20][07][00]
170-keepalive
(64) [B0][01][20]
(700) [03][00][0A]
(8) [B0][01][20][07][00]
170-keepalive
(64) [B0][01][20]
(8) [B0][01][20][07][00]
170-keepalive
(64) [B0][01][20]
(669) [AA][04][20]
(8) [B0][01][20][07][00]
170-keepalive
(64) [B0][01][20]
(701) [AA][04][20]
(8) [B0][01][20][07][00]
170-keepalive
(64) [B0][01][20]
(668) [03][00][1A]
(8) [B0][01][20][07][00]
170-keepalive
(64) [B0][01][20]
(700) [03][00][0A]
(8) [B0][01][20][07][00]
170-keepalive
(64) [B0][01][20]
(8) [B0][01][20][07][00]
170-keepalive
(64) [B0][01][20]
(669) [AA][04][20]
(8) [B0][01][20][07][00]
170-keepalive
(64) [B0][01][20]
(701) [AA][04][20]
(8) [B0][01][20][0C][BC][0E][00]
(8) [B0][0D][00][07][00]
170-keepalive
(64) [B0][01][20]
(668) [03][00][1A]
(8) [B0][01][20][07][00]
170-keepalive
(64) [B0][01][20]
(700) [03][00][0A]
(8) [B0][01][20][07][00]
170-keepalive
(64) [B0][01][20]
(8) [B0][01][20][07][00]
170-keepalive
(64) [B0][01][20]
(669) [AA][04][20]
(8) [B0][01][20][07][00]
170-keepalive
(64) [B0][01][20]
(701) [AA][04][20]
(8) [B0][01][20][07][00]
170-keepalive
(64) [B0][01][20]
(668) [03][00][1A]
(8) [B0][01][20][07][00]
170-keepalive
(64) [B0][01][20]
(700) [03][00][0A]
(8) [B0][01][20][07][00]
170-keepalive
(64) [B0][01][20]
(8) [B0][01][20][07][00]
170-keepalive
(64) [B0][01][20]
(669) [AA][04][20]
(8) [B0][01][20][07][00]
170-keepalive
(64) [B0][01][20]
(701) [AA][04][20]
(8) [B0][01][20][0C][BC][0E][00]
(8) [B0][0D][00][07][00]
170-keepalive
(64) [B0][01][20]
(668) [03][00][1A]
(8) [B0][01][20][07][00]
170-keepalive
(64) [B0][01][20]
(700) [03][00][0A]
(8) [B0][01][20][07][00]
170-keepalive
(64) [B0][01][20]
(8) [B0][01][20][07][00]
170-keepalive
(64) [B0][01][20]
(669) [AA][04][20]
(8) [B0][01][20][07][00]
170-keepalive
(64) [B0][01][20]
(701) [AA][04][20]
(8) [B0][01][20][07][00]
170-keepalive
(64) [B0][01][20]
(668) [03][00][1A]
(8) [B0][01][20][07][00]
170-keepalive
(64) [B0][01][20]
(700) [03][00][0A]
(8) [B0][01][20][07][00]
170-keepalive
(64) [B0][01][20]
(8) [B0][01][20][07][00]
170-keepalive
(64) [B0][01][20]
(669) [AA][04][20]
(8) [B0][01][20][07][00]
170-keepalive
(64) [B0][01][20]
(701) [AA][04][20]
(8) [B0][01][20][0C][BC][0E][00]
(8) [B0][0D][0F][07][00]
170-keepalive
(64) [B0][01][20]
(668) [03][00][1A]
(8) [B0][01][20][07][00]
170-keepalive
(64) [B0][01][20]
(700) [03][00][0A]
(8) [B0][01][20][07][00]
170-keepalive
(64) [B0][01][20]
(8) [B0][01][20][07][00]
170-keepalive
(64) [B0][01][20]
(669) [AA][04][20]
(8) [B0][01][20][07][00]
170-keepalive
(64) [B0][01][20]
(701) [AA][04][20]
(8) [B0][01][20][07][00]
170-keepalive
(64) [B0][01][20]
(668) [03][00][1A]
(8) [B0][01][20][07][00]
170-keepalive
(64) [B0][01][20]
(700) [03][00][0A]
(8) [B0][01][20][07][00]
170-keepalive
(64) [B0][01][20]
(8) [B0][01][20][07][00]
170-keepalive
(64) [B0][01][20]
(669) [AA][04][20]
(8) [B0][01][20][07][00]
170-keepalive
(64) [B0][01][20]
(701) [AA][04][20]
(8) [B0][01][20][0C][BC][0E][00]
(8) [B0][0D][0F][07][00]
170-keepalive
(64) [B0][01][20]
(668) [03][00][1A]
(8) [B0][01][20][07][00]
170-keepalive
(64) [B0][01][20]
(700) [03][00][0A]
(8) [B0][01][20][07][00]
170-keepalive
(64) [B0][01][20]
(8) [B0][01][20][07][00]
170-keepalive
(64) [B0][01][20]
(669) [AA][04][20]
(8) [B0][01][20][07][00]
170-keepalive
(64) [B0][01][20]
(701) [AA][04][20]
(8) [B0][01][20][07][00]
170-keepalive
(64) [B0][01][20]
(668) [03][00][1A]
(8) [B0][01][20][07][00]
170-keepalive
(64) [B0][01][20]
(700) [03][00][0A]
(8) [B0][01][20][07][00]
170-keepalive
(64) [B0][01][20]
(8) [B0][01][20][07][00]
170-keepalive
(64) [B0][01][20]
(669) [AA][04][20]
(8) [B0][01][20][07][00]
170-keepalive
(64) [B0][01][20]
(701) [AA][04][20]
(8) [B0][01][20][0C][BC][0E][00]
(8) [B0][0D][0F][07][00]
170-keepalive
(64) [B0][01][20]
(668) [03][00][1A]
(8) [B0][01][20][07][00]
170-keepalive
(64) [B0][01][20]
(700) [03][00][0A]
(8) [B0][01][20][07][00]
170-keepalive
(64) [B0][01][20]
(8) [B0][01][20][07][00]
170-keepalive
(64) [B0][01][20]
(669) [AA][04][20]
(8) [B0][01][20][07][00]
170-keepalive
(64) [B0][01][20]
(701) [AA][04][20]
(8) [B0][01][20][07][00]
170-keepalive
(64) [B0][01][20]
(668) [03][00][1A]
(8) [B0][01][20][07][00]
170-keepalive
(64) [B0][01][20]
(700) [03][00][0A]
(8) [B0][01][20][07][00]
170-keepalive
(64) [B0][01][20]
(8) [B0][01][20][07][00]
170-keepalive
(64) [B0][01][20]
(669) [AA][04][20]
(8) [B0][01][20][07][00]
170-keepalive
(64) [B0][01][20]
(701) [AA][04][20]
(8) [B0][01][20][0C][BC][0E][00]
(8) [B0][0D][0F][07][00]
170-keepalive
(64) [B0][01][20]
(668) [03][00][1A]
(8) [B0][01][20][07][00]
170-keepalive
(64) [B0][01][20]
(700) [03][00][0A]
(8) [B0][01][20][07][00]
170-keepalive
(64) [B0][01][20]
(8) [B0][01][20][07][00]
170-keepalive
(64) [B0][01][20]
(669) [AA][04][20]
(8) [B0][01][20][07][00]
170-keepalive
(64) [B0][01][20]
(701) [AA][04][20]
(8) [B0][01][20][07][00]
170-keepalive
(64) [B0][01][20]
(668) [03][00][1A]
(8) [B0][01][20][07][00]
170-keepalive
(64) [B0][01][20]
(700) [03][00][0A]
(8) [B0][01][20][07][00]
170-keepalive
(64) [B0][01][20]
(8) [B0][01][20][07][00]
170-keepalive
(64) [B0][01][20]
(669) [AA][04][20]
(8) [B0][01][20][07][00]
170-keepalive
(64) [B0][01][20]
(701) [AA][04][20]
(8) [B0][01][20][0C][BC][0E][00]
(8) [B0][0D][0F][07][00]
170-keepalive
(64) [B0][01][20]
(668) [03][00][1A]
(8) [B0][01][20][07][00]
170-keepalive
(64) [B0][01][20]
(700) [03][00][0A]
(8) [B0][01][20][07][00]
170-keepalive
(64) [B0][01][20]
(8) [B0][01][20][07][00]
170-keepalive
(64) [B0][01][20]
(669) [AA][04][20]
(8) [B0][01][20][07][00]
170-keepalive
(64) [B0][01][20]
(701) [AA][04][20]
(8) [B0][01][20][07][00]
170-keepalive
(64) [B0][01][20]
(668) [03][00][1A]
(8) [B0][01][20][07][00]
170-keepalive
(64) [B0][01][20]
(700) [03][00][0A]
(8) [B0][01][20][07][00]
170-keepalive
(64) [B0][01][20]
(8) [B0][01][20][07][00]
170-keepalive
(64) [B0][01][20]
(669) [AA][04][20]
(8) [B0][01][20][07][00]
170-keepalive
(64) [B0][01][20]
(701) [AA][04][20]
(8) [B0][01][20][0C][BC][0E][00]
(8) [B0][0D][0F][07][00]
170-keepalive
(64) [B0][01][20]
(668) [03][00][1A]
(8) [B0][01][20][07][00]
170-keepalive
(64) [B0][01][20]
(700) [03][00][0A]
(8) [B0][01][20][07][00]
170-keepalive
(64) [B0][01][20]
(8) [B0][01][20][07][00]
170-keepalive
(64) [B0][01][20]
(669) [AA][04][20]
(8) [B0][01][20][07][00]
170-keepalive
(64) [B0][01][20]
(701) [AA][04][20]
(8) [B0][01][20][07][00]
170-keepalive
(64) [B0][01][20]
(668) [03][00][1A]
(8) [B0][01][20][07][00]
170-keepalive
(64) [B0][01][20]
(700) [03][00][0A]
(8) [B0][01][20][07][00]
170-keepalive
(64) [B0][01][20]
(8) [B0][01][20][07][00]
170-keepalive
(64) [B0][01][20]
(669) [AA][04][20]
(8) [B0][01][20][07][00]
170-keepalive
(64) [B0][01][20]
(701) [AA][04][20]
(8) [B0][01][20][0C][BC][0E][00]
(8) [B0][0D][0F][07][00]
170-keepalive
(64) [B0][01][20]
(668) [03][00][1A]
(8) [B0][01][20][07][00]
170-keepalive
(64) [B0][01][20]
(700) [03][00][0A]
(8) [B0][01][20][07][00]
170-keepalive
(64) [B0][01][20]
(8) [B0][01][20][07][00]
170-keepalive
(64) [B0][01][20]
(669) [AA][04][20]
(8) [B0][01][20][07][00]
170-keepalive
(64) [B0][01][20]
(701) [AA][04][20]
(8) [B0][01][20][07][00]
170-keepalive
(64) [B0][01][20]
(668) [03][00][1A]
(8) [B0][01][20][07][00]
170-keepalive
(64) [B0][01][20]
(700) [03][00][0A]
(8) [B0][01][20][07][00]
170-keepalive
(64) [B0][01][20]
(8) [B0][01][20][07][00]
170-keepalive
(64) [B0][01][20]
(669) [AA][04][20]
(8) [B0][01][20][07][00]
170-keepalive
(64) [B0][01][20]
(701) [AA][04][20]
(8) [B0][01][20][0C][BC][0E][00]
(8) [B0][0D][0F][07][00]
170-keepalive
(64) [B0][01][20]
(668) [03][00][1A]
(8) [B0][01][20][07][00]
170-keepalive
(64) [B0][01][20]
(700) [03][00][0A]
(8) [B0][01][20][07][00]
170-keepalive
(64) [B0][01][20]
(8) [B0][01][20][07][00]
170-keepalive
(64) [B0][01][20]
(669) [AA][04][20]
(8) [B0][01][20][07][00]
170-keepalive
(64) [B0][01][20]
(701) [AA][04][20]
(8) [B0][01][20][07][00]
170-keepalive
(64) [B0][01][20]
(668) [03][00][1A]
(8) [B0][01][20][07][00]
170-keepalive
(64) [B0][01][20]
(700) [03][00][0A]
(8) [B0][01][20][07][00]
170-keepalive
(64) [B0][01][20]
(8) [B0][01][20][07][00]
170-keepalive
(64) [B0][01][20]
(669) [AA][04][20]
(8) [B0][01][20][07][00]
170-keepalive
(64) [B0][01][20]
(701) [AA][04][20]
(8) [B0][01][20][0C][BC][0E][00]
(8) [B0][0D][0F][07][00]
170-keepalive
(64) [B0][01][20]
(668) [03][00][1A]
(8) [B0][01][20][07][00]
170-keepalive
(64) [B0][01][20]
(700) [03][00][0A]
(8) [B0][01][20][07][00]
170-keepalive
(64) [B0][01][20]
(8) [B0][01][20][07][00]
170-keepalive
(64) [B0][01][20]
(669) [AA][04][20]
(8) [B0][01][20][07][00]
170-keepalive
(64) [B0][01][20]
(701) [AA][04][20]
(8) [B0][01][20][07][00]
170-keepalive
(64) [B0][01][20]
(668) [03][00][1A]
(8) [B0][01][20][07][00]
170-keepalive
(64) [B0][01][20]
(700) [03][00][0A]
(8) [B0][01][20][07][00]
170-keepalive
(64) [B0][01][20]
(8) [B0][01][20][07][00]
170-keepalive
(64) [B0][01][20]
(669) [AA][04][20]
(8) [B0][01][20][07][00]
170-keepalive
(64) [B0][01][20]
(701) [AA][04][20]
(8) [B0][01][20][0C][BC][0E][00]
(8) [B0][0D][0F][07][00]
170-keepalive
(64) [B0][01][20]
(668) [03][00][1A]
(8) [B0][01][20][07][00]
170-keepalive
(64) [B0][01][20]
(700) [03][00][0A]
(8) [B0][01][20][07][00]
170-keepalive
(64) [B0][01][20]
(8) [B0][01][20][07][00]
170-keepalive
(64) [B0][01][20]
(669) [AA][04][20]
(8) [B0][01][20][07][00]
170-keepalive
(64) [B0][01][20]
(701) [AA][04][20]
(8) [B0][01][20][07][00]
170-keepalive
(64) [B0][01][20]
(668) [03][00][1A]
(8) [B0][01][20][07][00]
170-keepalive
(64) [B0][01][20]
(700) [03][00][0A]
(8) [B0][01][20][07][00]
170-keepalive
(64) [B0][01][20]
(8) [B0][01][20][07][00]
170-keepalive
(64) [B0][01][20]
(669) [AA][04][20]
(8) [B0][01][20][07][00]
170-keepalive
(64) [B0][01][20]
(701) [AA][04][20]
(8) [B0][01][20][0C][BC][0E][00]
170-keepalive
(8) [B0][0D][0F][07][00]
(64) [B0][01][20]
(668) [03][00][1A]
(8) [B0][01][20][07][00]
170-keepalive
(64) [B0][01][20]
(700) [03][00][0A]
(8) [B0][01][20][07][00]
170-keepalive
(64) [B0][01][20]
(8) [B0][01][20][07][00]
170-keepalive
(64) [B0][01][20]
(669) [AA][04][20]
(8) [B0][01][20][07][00]
170-keepalive
(64) [B0][01][20]
(701) [AA][04][20]
(8) [B0][01][20][07][00]
170-keepalive
(64) [B0][01][20]
(668) [03][00][1A]
(8) [B0][01][20][07][00]
170-keepalive
(64) [B0][01][20]
(700) [03][00][0A]
(8) [B0][01][20][07][00]
170-keepalive
(64) [B0][01][20]
(8) [B0][01][20][07][00]
170-keepalive
(64) [B0][01][20]
(669) [AA][04][20]
(8) [B0][01][20][07][00]
170-keepalive
(64) [B0][01][20]
(701) [AA][04][20]
(8) [B0][01][20][0C][BC][0E][00]
170-keepalive
(8) [B0][0D][0F][07][00]
(64) [B0][01][20]
(668) [03][00][1A]
(8) [B0][01][20][07][00]
170-keepalive
(64) [B0][01][20]
(700) [03][00][0A]
(8) [B0][01][20][07][00]
170-keepalive
(64) [B0][01][20]
(8) [B0][01][20][07][00]
170-keepalive
(64) [B0][01][20]
(669) [AA][04][20]
(8) [B0][01][20][07][00]
170-keepalive
(64) [B0][01][20]
(701) [AA][04][20]
(8) [B0][01][20][07][00]
170-keepalive
(64) [B0][01][20]
(668) [03][00][1A]
(8) [B0][01][20][07][00]
170-keepalive
(64) [B0][01][20]
(700) [03][00][0A]
(8) [B0][01][20][07][00]
170-keepalive
(64) [B0][01][20]
(8) [B0][01][20][07][00]
170-keepalive
(64) [B0][01][20]
(669) [AA][04][20]
(8) [B0][01][20][07][00]
170-keepalive
(64) [B0][01][20]
(701) [AA][04][20]
(8) [B0][01][20][0C][BC][0E][00]
170-keepalive
(8) [B0][0D][0F][07][00]
(64) [B0][01][20]
(668) [03][00][1A]
(8) [B0][01][20][07][00]
170-keepalive
(64) [B0][01][20]
(700) [03][00][0A]
(8) [B0][01][20][07][00]
170-keepalive
(64) [B0][01][20]
(8) [B0][01][20][07][00]
170-keepalive
(64) [B0][01][20]
(669) [AA][04][20]
(8) [B0][01][20][07][00]
170-keepalive
(64) [B0][01][20]
(701) [AA][04][20]
(8) [B0][01][20][07][00]
170-keepalive
(64) [B0][01][20]
(668) [03][00][1A]
(8) [B0][01][20][07][00]
170-keepalive
(64) [B0][01][20]
(700) [03][00][0A]
(8) [B0][01][20][07][00]
170-keepalive
(64) [B0][01][20]
(8) [B0][01][20][07][00]
170-keepalive
(64) [B0][01][20]
(669) [AA][04][20]
(8) [B0][01][20][07][00]
170-keepalive
(64) [B0][01][20]
(701) [AA][04][20]
(8) [B0][01][20][0C][BC][0E][00]
170-keepalive
(8) [B0][0D][0F][07][00]
(64) [B0][01][20]
(668) [03][00][1A]
(8) [B0][01][20][07][00]
170-keepalive
(64) [B0][01][20]
(700) [03][00][0A]
(8) [B0][01][20][07][00]
170-keepalive
(64) [B0][01][20]
(8) [B0][01][20][07][00]
170-keepalive
(64) [B0][01][20]
(669) [AA][04][20]
(8) [B0][01][20][07][00]
170-keepalive
(64) [B0][01][20]
(701) [AA][04][20]
(8) [B0][01][20][07][00]
170-keepalive
(64) [B0][01][20]
(668) [03][00][1A]
(8) [B0][01][20][07][00]
170-keepalive
(64) [B0][01][20]
(700) [03][00][0A]
(8) [B0][01][20][07][00]
170-keepalive
(64) [B0][01][20]
(8) [B0][01][20][07][00]
170-keepalive
(64) [B0][01][20]
(669) [AA][04][20]
(8) [B0][01][20][07][00]
170-keepalive
(64) [B0][01][20]
(701) [AA][04][20]
(8) [B0][01][20][0C][BC][0E][00]
170-keepalive
(8) [B0][0D][0F][07][00]
(64) [B0][01][20]
(668) [03][00][1A]
(8) [B0][01][20][07][00]
170-keepalive
(64) [B0][01][20]
(700) [03][00][0A]
(8) [B0][01][20][07][00]
170-keepalive
(64) [B0][01][20]
(8) [B0][01][20][07][00]
170-keepalive
(64) [B0][01][20]
(669) [AA][04][20]
(8) [B0][01][20][07][00]
170-keepalive
(64) [B0][01][20]
(701) [AA][04][20]
(8) [B0][01][20][07][00]
170-keepalive
(64) [B0][01][20]
(668) [03][00][1A]
(8) [B0][01][20][07][00]
170-keepalive
(64) [B0][01][20]
(700) [03][00][0A]
(8) [B0][01][20][07][00]
170-keepalive
(64) [B0][01][20]
(8) [B0][01][20][07][00]
170-keepalive
(64) [B0][01][20]
(669) [AA][04][20]
(8) [B0][01][20][07][00]
170-keepalive
(64) [B0][01][20]
(701) [AA][04][20]
(8) [B0][01][20][0C][BC][0E][00]
170-keepalive
(8) [B0][0D][0F][07][00]
(64) [B0][01][20]
(668) [03][00][1A]
(8) [B0][01][20][07][00]
170-keepalive
(64) [B0][01][20]
(700) [03][00][0A]
(8) [B0][01][20][07][00]
170-keepalive
(64) [B0][01][20]
(8) [B0][01][20][07][00]
170-keepalive
(64) [B0][01][20]
(669) [AA][04][20]
(8) [B0][01][20][07][00]
170-keepalive
(64) [B0][01][20]
(701) [AA][04][20]
(8) [B0][01][20][07][00]
170-keepalive
(64) [B0][01][20]
(668) [03][00][1A]
(8) [B0][01][20][07][00]
170-keepalive
(64) [B0][01][20]
(700) [03][00][0A]
(8) [B0][01][20][07][00]
170-keepalive
(64) [B0][01][20]
(8) [B0][01][20][07][00]
170-keepalive
(64) [B0][01][20]
(669) [AA][04][20]
(8) [B0][01][20][07][00]
170-keepalive
(64) [B0][01][20]
(701) [AA][04][20]
(8) [B0][01][20][0C][BC][0E][00]
170-keepalive
(8) [B0][0D][0F][07][00]
(64) [B0][01][20]
(668) [03][00][1A]
(8) [B0][01][20][07][00]
170-keepalive
(64) [B0][01][20]
(700) [03][00][0A]
(8) [B0][01][20][07][00]
170-keepalive
(64) [B0][01][20]
(8) [B0][01][20][07][00]
170-keepalive
(64) [B0][01][20]
(669) [AA][04][20]
(8) [B0][01][20][07][00]
170-keepalive
(64) [B0][01][20]
(701) [AA][04][20]
(8) [B0][01][20][07][00]
170-keepalive
(64) [B0][01][20]
(668) [03][00][1A]
(8) [B0][01][20][07][00]
170-keepalive
(64) [B0][01][20]
(700) [03][00][0A]
(8) [B0][01][20][07][00]
170-keepalive
(64) [B0][01][20]
(8) [B0][01][20][07][00]
170-keepalive
(64) [B0][01][20]
(669) [AA][04][20]
(8) [B0][01][20][07][00]
170-keepalive
(64) [B0][01][20]
(701) [AA][04][20]
(8) [B0][01][20][0C][BC][0E][00]
170-keepalive
(8) [B0][0D][0F][07][00]
(64) [B0][01][20]
(668) [03][00][1A]
(8) [B0][01][20][07][00]
170-keepalive
(64) [B0][01][20]
(700) [03][00][0A]
(8) [B0][01][20][07][00]
170-keepalive
(64) [B0][01][20]
(8) [B0][01][20][07][00]
170-keepalive
(64) [B0][01][20]
(669) [AA][04][20]
(8) [B0][01][20][07][00]
170-keepalive
(64) [B0][01][20]
(701) [AA][04][20]
(8) [B0][01][20][07][00]
170-keepalive
(64) [B0][01][20]
(668) [03][00][1A]
(8) [B0][01][20][07][00]
170-keepalive
(64) [B0][01][20]
(700) [03][00][0A]
(8) [B0][01][20][07][00]
170-keepalive
(64) [B0][01][20]
(8) [B0][01][20][07][00]
170-keepalive
(64) [B0][01][20]
(669) [AA][04][20]
(8) [B0][01][20][07][00]
170-keepalive
(64) [B0][01][20]
(701) [AA][04][20]
(8) [B0][01][20][0C][BC][0E][00]
170-keepalive
(8) [B0][0D][0F][07][00]
(64) [B0][01][20]
(668) [03][00][1A]
(8) [B0][01][20][07][00]
170-keepalive
(64) [B0][01][20]
(700) [03][00][0A]
(8) [B0][01][20][07][00]
170-keepalive
(64) [B0][01][20]
(8) [B0][01][20][07][00]
170-keepalive
(64) [B0][01][20]
(669) [AA][04][20]
(8) [B0][01][20][07][00]
170-keepalive
(64) [B0][01][20]
(701) [AA][04][20]
(8) [B0][01][20][07][00]
170-keepalive
(64) [B0][01][20]
(668) [03][00][1A]
(8) [B0][01][20][07][00]
170-keepalive
(64) [B0][01][20]
(700) [03][00][0A]
(8) [B0][01][20][07][00]
170-keepalive
(64) [B0][01][20]
(8) [B0][01][20][07][00]
170-keepalive
(64) [B0][01][20]
(669) [AA][04][20]
(8) [B0][01][20][07][00]
170-keepalive
(64) [B0][01][20]
(701) [AA][04][20]
(8) [B0][01][20][0C][BC][0E][00]
170-keepalive
(8) [B0][0D][0F][07][00]
(64) [B0][01][20]
(668) [03][00][1A]
(8) [B0][01][20][07][00]
170-keepalive
(64) [B0][01][20]
(700) [03][00][0A]
(8) [B0][01][20][07][00]
170-keepalive
(64) [B0][01][20]
(8) [B0][01][20][07][00]
170-keepalive
(64) [B0][01][20]
(669) [AA][04][20]
(8) [B0][01][20][07][00]
170-keepalive
(64) [B0][01][20]
(701) [AA][04][20]
(8) [B0][01][20][07][00]
170-keepalive
(64) [B0][01][20]
(668) [03][00][1A]
(8) [B0][01][20][07][00]
170-keepalive
(64) [B0][01][20]
(700) [03][00][0A]
(8) [B0][01][20][07][00]
170-keepalive
(64) [B0][01][20]
(8) [B0][01][20][07][00]
170-keepalive
(64) [B0][01][20]
(669) [AA][04][20]
(8) [B0][01][20][07][00]
170-keepalive
(64) [B0][01][20]
(701) [AA][04][20]
(8) [B0][01][20][0C][BC][0E][00]
170-keepalive
(8) [B0][0D][0F][07][00]
(64) [B0][01][20]
(668) [03][00][1A]
(8) [B0][01][20][07][00]
170-keepalive
(64) [B0][01][20]
(700) [03][00][0A]
(8) [B0][01][20][07][00]
170-keepalive
(64) [B0][01][20]
(8) [B0][01][20][07][00]
170-keepalive
(64) [B0][01][20]
(669) [AA][04][20]
(8) [B0][01][20][07][00]
170-keepalive
(64) [B0][01][20]
(701) [AA][04][20]
(8) [B0][01][20][07][00]
170-keepalive
(64) [B0][01][20]
(668) [03][00][1A]
(8) [B0][01][20][07][00]
170-keepalive
(64) [B0][01][20]
(700) [03][00][0A]
(8) [B0][01][20][07][00]
170-keepalive
(64) [B0][01][20]
(8) [B0][01][20][07][00]
170-keepalive
(64) [B0][01][20]
(669) [AA][04][20]
(8) [B0][01][20][07][00]
170-keepalive
(64) [B0][01][20]
(701) [AA][04][20]
(8) [B0][01][20][0C][BC][0E][00]
170-keepalive
(8) [B0][0D][0F][07][00]
(64) [B0][01][20]
(668) [03][00][1A]
(8) [B0][01][20][07][00]
170-keepalive
(64) [B0][01][20]
(700) [03][00][0A]
(8) [B0][01][20][07][00]
170-keepalive
(64) [B0][01][20]
(8) [B0][01][20][07][00]
170-keepalive
(64) [B0][01][20]
(669) [AA][04][20]
(8) [B0][01][20][07][00]
170-keepalive
(64) [B0][01][20]
(701) [AA][04][20]
(8) [B0][01][20][07][00]
170-keepalive
(64) [B0][01][20]
(668) [03][00][1A]
(8) [B0][01][20][07][00]
170-keepalive
(64) [B0][01][20]
(700) [03][00][0A]
(8) [B0][01][20][07][00]
170-keepalive
(64) [B0][01][20]
(8) [B0][01][20][07][00]
170-keepalive
(64) [B0][01][20]
(669) [AA][04][20]
(8) [B0][01][20][07][00]
170-keepalive
(64) [B0][01][20]
(701) [AA][04][20]
(8) [B0][01][20][0C][BC][0E][00]
170-keepalive
(8) [B0][0D][0F][07][00]
(64) [B0][01][20]
(668) [03][00][1A]
(8) [B0][01][20][07][00]
170-keepalive
(64) [B0][01][20]
(700) [03][00][0A]
(8) [B0][01][20][07][00]
170-keepalive
(64) [B0][01][20]
(8) [B0][01][20][07][00]
170-keepalive
(64) [B0][01][20]
(669) [AA][04][20]
(8) [B0][01][20][07][00]
170-keepalive
(64) [B0][01][20]
(701) [AA][04][20]
(8) [B0][01][20][07][00]
170-keepalive
(64) [B0][01][20]
(668) [03][00][1A]
(8) [B0][01][20][07][00]
170-keepalive
(64) [B0][01][20]
(700) [03][00][0A]
(8) [B0][01][20][07][00]
170-keepalive
(64) [B0][01][20]
(8) [B0][01][20][07][00]
170-keepalive
(64) [B0][01][20]
(669) [AA][04][20]
(8) [B0][01][20][07][00]
170-keepalive
(64) [B0][01][20]
(701) [AA][04][20]
(8) [B0][01][20][0C][BC][0E][00]
170-keepalive
(8) [B0][0D][0F][07][00]
(668) [03][00][1A]
(8) [B0][01][20][07][00]
170-keepalive
(64) [B0][01][20]
(700) [03][00][0A]
(8) [B0][01][20][07][00]
170-keepalive
(64) [B0][01][20]
(8) [B0][01][20][07][00]
170-keepalive
(64) [B0][01][20]
(669) [AA][04][20]
(8) [B0][01][20][07][00]
170-keepalive
(64) [B0][01][20]
(701) [AA][04][20]
(8) [B0][01][20][07][00]
170-keepalive
(64) [B0][01][20]
(668) [03][00][1A]
(8) [B0][01][20][07][00]
170-keepalive
(64) [B0][01][20]
(700) [03][00][0A]
(8) [B0][01][20][07][00]
170-keepalive
(64) [B0][01][20]
(8) [B0][01][20][07][00]
170-keepalive
(64) [B0][01][20]
(669) [AA][04][20]
Log marked # This is just before I started moving the joystick
(8) [B0][01][20][07][00]
170-keepalive
(64) [B0][01][20]
(701) [AA][04][20]
(8) [B0][01][20][0C][BC][0E][00]
170-keepalive
(8) [B0][0D][0F][07][00]
(668) [03][00][1A]
(8) [B0][01][20][07][00]
170-keepalive
(64) [B0][01][20]
(700) [03][00][0A]
(8) [B0][01][20][07][00]
170-keepalive
(64) [B0][01][20]
170-keepalive
(8) [B0][01][20][07][00]
(64) [B0][01][20]
(669) [B0][01][20]
(8) [B0][01][20][07][00]
170-keepalive
(64) [B0][01][20]
(701) [AA][04][20]
170-keepalive
(8) [B0][01][20][07][00]
(64) [B0][01][20]
(668) [03][00][1A]
170-keepalive
(8) [B0][01][20][07][00]
(64) [B0][01][20]
(700) [03][00][0A]
170-keepalive
(8) [B0][01][20][07][00]
(64) [B0][01][20]
170-keepalive
(8) [B0][01][20][07][00]
(64) [B0][01][20]
(669) [B0][01][20]
170-keepalive
(8) [B0][01][20][07][00]
(64) [B0][01][20]
(701) [B0][01][20]
(8) [B0][01][20][0C][BC][0E][00]
170-keepalive
(8) [B0][0D][0F][07][00]
(668) [03][00][1A]
170-keepalive
(8) [B0][01][20][07][00]
(64) [B0][01][20]
(700) [03][00][0A]
170-keepalive
(8) [B0][01][20][07][00]
(64) [B0][01][20]
170-keepalive
(8) [B0][01][20][07][00]
(64) [B0][01][20]
(669) [B0][01][20]
170-keepalive
(8) [B0][01][20][07][00]
(64) [B0][01][20]
(701) [B0][01][20]
170-keepalive
(8) [B0][01][20][07][00]
(64) [B0][01][20]
(668) [03][00][1A]
170-keepalive
(8) [B0][01][20][07][00]
(64) [B0][01][20]
(700) [03][00][0A]
170-keepalive
(8) [B0][01][20][07][00]
(64) [B0][01][20]
170-keepalive
(8) [B0][01][20][07][00]
(64) [B0][01][20]
(669) [B0][01][20]
170-keepalive
(8) [B0][01][20][07][00]
(64) [B0][01][20]
(701) [B0][01][20]
170-keepalive
(8) [B0][01][20][0C][BC][0E][00]
(8) [B0][0D][0F][07][00]
(64) [B0][01][20]
(668) [03][00][1A]
170-keepalive
(8) [B0][01][20][07][00]
(64) [B0][01][20]
(700) [03][00][0A]
170-keepalive
(8) [B0][01][20][07][00]
(64) [B0][01][23]
(64) [30][01][00][0F]
170-keepalive
(8) [B0][01][20][07][00][0F][FF]
(8) [30][08][00][03]
(64) [B0][01][23]
(669) [30][08][00]
(8) [B0][01][20][07][00][0F][FF]
170-keepalive
(64) [B0][01][23][03][00][02][00]
(701) [AA][04][00]
170-keepalive
(8) [B0][01][20][07][00][0F][FF]
(64) [B0][01][23][03][00][02][00]
(668) [03][00][1A]
170-keepalive
(8) [B0][01][20][07][00][0F][FF]
(64) [B0][01][23][03][00][02][00]
(700) [03][00][0A]
170-keepalive
(8) [B0][01][23][07][00][0F][FF]
(64) [B0][01][23][03][00][02][00]
170-keepalive
(8) [B0][01][25][07][00][0F][FF]
(64) [B0][01][24][03][00][02][00]
(669) [B0][01][25]
170-keepalive
(8) [B0][01][25][07][00][0F][FF]
(64) [B0][01][25][03][00][02][00]
(701) [B0][01][25]
170-keepalive
(8) [B0][01][25][0C][BB][0E][00]
(8) [B0][0D][0F][07][00][0F][FF]
(64) [B0][01][25][03][01][02][00]
(668) [03][00][1A]
170-keepalive
(8) [B0][01][25][07][00][0F][FF]
(64) [B0][01][25][03][01][02][01]
(700) [03][00][0A]
170-keepalive
(8) [B0][01][25][07][00][0F][FF]
(64) [B0][01][25][03][01][02][01]
170-keepalive
(8) [B0][01][25][07][00][0F][FF]
(64) [B0][01][25][03][02][02][01]
(669) [B0][01][25]
170-keepalive
(8) [B0][01][25][07][00][0F][FF]
(64) [B0][01][25][03][02][02][01]
(701) [B0][01][25]
170-keepalive
(8) [B0][01][25][07][00][0F][FF]
(64) [B0][01][25][03][02][02][01]
(668) [03][00][1A]
170-keepalive
(8) [B0][01][25][07][00][0F][FF]
(64) [B0][01][25][03][03][02][02]
(700) [03][00][0A]
170-keepalive
(8) [B0][01][25][07][00][0F][FF]
(64) [B0][01][25][03][03][02][02]
170-keepalive
(8) [B0][01][25][07][00][0F][FF]
(64) [B0][01][25][03][03][02][02]
(669) [B0][01][25]
170-keepalive
(8) [B0][01][25][07][00][0F][FF]
(64) [B0][01][25][03][03][02][02]
(701) [B0][01][25]
170-keepalive
(8) [B0][01][25][0C][BC][0E][00]
(8) [B0][0D][0F][07][00][0F][FF]
(64) [B0][01][25][03][03][02][03]
(668) [03][00][1A]
170-keepalive
(8) [B0][01][25][07][00][0F][FF]
(64) [B0][01][25][03][03][02][03]
(700) [03][00][0A]
170-keepalive
(8) [B0][01][25][07][00][0F][FF]
(64) [B0][01][25][03][03][02][03]
170-keepalive
(8) [B0][01][25][07][00][0F][FF]
(64) [B0][01][25][03][03][02][03]
(669) [B0][01][25]
170-keepalive
(8) [B0][01][25][07][00][0F][FF]
(64) [B0][01][25][03][03][02][04]
(701) [B0][01][25]
170-keepalive
(8) [B0][01][25][07][00][0F][FF]
(64) [B0][01][25][03][03][02][04]
(668) [03][00][1A]
170-keepalive
(8) [B0][01][25][07][00][0F][FF]
(64) [B0][01][25][03][03][02][04]
(700) [03][00][0A]
170-keepalive
(8) [B0][01][25][07][00][0F][FF]
(64) [B0][01][25][03][03][02][04]
170-keepalive
(8) [B0][01][25][07][00][0F][FF]
(64) [B0][01][25][03][03][02][05]
(669) [B0][01][25]
170-keepalive
(8) [B0][01][25][07][00][0F][FF]
(64) [B0][01][25][03][03][02][05]
(701) [B0][01][25]
170-keepalive
(8) [B0][01][25][0C][BC][0E][00]
(8) [B0][0D][0F][07][00][0F][FF]
(64) [B0][01][25][03][03][02][05]
(668) [03][00][1A]
170-keepalive
(8) [B0][01][25][07][00][0F][FF]
(64) [B0][01][25][03][03][02][05]
(700) [03][00][0A]
170-keepalive
(8) [B0][01][25][07][00][0F][FF]
(64) [B0][01][25][03][03][02][05]
170-keepalive
(8) [B0][01][25][07][00][0F][FF]
(64) [B0][01][25][03][03][02][06]
(669) [B0][01][25]
170-keepalive
(8) [B0][01][25][07][00][0F][FF]
(64) [B0][01][25][03][03][02][06]
(701) [B0][01][25]
170-keepalive
(8) [B0][01][25][07][00][0F][FF]
(64) [B0][01][25][03][03][02][06]
(668) [03][00][1A]
170-keepalive
(8) [B0][01][25][07][00][0F][FF]
(64) [B0][01][25][03][03][02][06]
(700) [03][00][0A]
170-keepalive
(8) [B0][01][25][07][00][0F][FF]
(64) [B0][01][25][03][03][02][07]
170-keepalive
(8) [B0][01][25][07][00][0F][FF]
(64) [B0][01][25][03][03][02][07]
(669) [B0][01][25]
170-keepalive
(8) [B0][01][25][07][00][0F][FF]
(64) [B0][01][25][03][03][02][07]
(701) [B0][01][25]
170-keepalive
(8) [B0][01][25][0C][BC][0E][00]
(64) [B0][01][25][03][03][02][07]
(8) [B0][0D][0F][07][00][0F][FF]
(668) [03][00][1A]
170-keepalive
(8) [B0][01][25][07][00][0F][FF]
(64) [B0][01][25][03][03][02][07]
(700) [03][00][0A]
170-keepalive
(8) [B0][01][25][07][00][0F][FF]
(64) [B0][01][25][03][03][02][07]
170-keepalive
(8) [B0][01][25][07][00][0F][FF]
(64) [B0][01][25][03][03][02][07]
(669) [B0][01][25]
170-keepalive
(8) [B0][01][25][07][00][0F][FF]
(64) [B0][01][25][03][03][02][07]
(701) [B0][01][25]
170-keepalive
(8) [B0][01][25][07][00][0F][FF]
(64) [B0][01][25][03][03][02][07]
(668) [03][00][1A]
170-keepalive
(8) [B0][01][25][07][00][0F][FF]
(64) [B0][01][25][03][03][02][07]
(700) [03][00][0A]
170-keepalive
(8) [B0][01][25][07][00][0F][FF]
(64) [B0][01][25][03][03][02][07]
170-keepalive
(8) [B0][01][25][07][00][0F][FF]
(64) [B0][01][25][03][03][02][07]
(669) [B0][01][25]
170-keepalive
(8) [B0][01][25][07][00][0F][FF]
(64) [B0][01][25][03][03][02][07]
(701) [B0][01][25]
170-keepalive
(8) [B0][01][25][0C][BC][0E][00]
(64) [B0][01][25][03][04][02][07]
(8) [B0][0D][0F][07][00][0F][FF]
(668) [03][00][1A]
170-keepalive
(8) [B0][01][25][07][00][0F][FF]
(64) [B0][01][25][03][04][02][07]
(700) [03][00][0A]
170-keepalive
(8) [B0][01][25][07][00][0F][FF]
(64) [B0][01][25][03][04][02][07]
170-keepalive
(8) [B0][01][25][07][00][0F][FF]
(64) [B0][01][25][03][04][02][07]
(669) [B0][01][25]
170-keepalive
(8) [B0][01][25][07][00][0F][FF]
(64) [B0][01][25][03][04][02][07]
(701) [B0][01][25]
170-keepalive
(8) [B0][01][25][07][00][0F][FF]
(64) [B0][01][25][03][04][02][07]
(668) [03][00][1A]
170-keepalive
(8) [B0][01][25][07][00][0F][FF]
(64) [B0][01][25][03][04][02][08]
(700) [03][00][0A]
170-keepalive
(8) [B0][01][25][07][00][0F][FF]
(64) [B0][01][25][03][04][02][08]
170-keepalive
(8) [B0][01][25][07][00][0F][FF]
(64) [B0][01][25][03][04][02][08]
(669) [B0][01][25]
170-keepalive
(8) [B0][01][25][07][00][0F][FF]
(64) [B0][01][25][03][04][02][08]
(701) [B0][01][25]
170-keepalive
(8) [B0][01][25][0C][BC][0E][00]
(64) [B0][01][25][03][04][02][08]
(8) [B0][0D][0F][07][00][0F][FF]
(668) [03][00][1A]
170-keepalive
(8) [B0][01][25][07][00][0F][FF]
(64) [B0][01][25][03][04][02][08]
(700) [03][00][0A]
170-keepalive
(8) [B0][01][25][07][00][0F][FF]
(64) [B0][01][25][03][04][02][08]
170-keepalive
(8) [B0][01][25][07][00][0F][FF]
(64) [B0][01][25][03][04][02][08]
(669) [B0][01][25]
170-keepalive
(8) [B0][01][25][07][00][0F][FF]
(64) [B0][01][25][03][04][02][08]
(701) [B0][01][25]
170-keepalive
(8) [B0][01][25][07][00][0F][FF]
(64) [B0][01][25][03][04][02][08]
(668) [03][00][1A]
170-keepalive
(8) [B0][01][25][07][00][0F][FF]
(64) [B0][01][25][03][04][02][08]
(700) [03][00][0A]
170-keepalive
(8) [B0][01][25][07][00][0F][FF]
(64) [B0][01][25][03][04][02][08]
170-keepalive
(8) [B0][01][25][07][00][0F][FF]
(64) [B0][01][25][03][04][02][08]
(669) [B0][01][25]
170-keepalive
(8) [B0][01][25][07][00][0F][FF]
(64) [B0][01][25][03][04][02][08]
(701) [B0][01][25]
170-keepalive
(8) [B0][01][25][0C][BC][0E][00]
(64) [B0][01][25][03][04][02][09]
(8) [B0][0D][0F][07][00][0F][FF]
(668) [03][00][1A]
170-keepalive
(8) [B0][01][25][07][00][0F][FF]
(64) [B0][01][25][03][04][02][09]
(700) [03][00][0A]
170-keepalive
(8) [B0][01][25][07][00][0F][FF]
(64) [B0][01][25][03][04][02][09]
170-keepalive
(8) [B0][01][25][07][00][0F][FF]
(64) [B0][01][25][03][04][02][09]
(669) [B0][01][25]
170-keepalive
(8) [B0][01][25][07][00][0F][FF]
(64) [B0][01][25][03][04][02][09]
(701) [B0][01][25]
170-keepalive
(8) [B0][01][25][07][00][0F][FF]
(64) [B0][01][25][03][04][02][09]
(668) [03][00][1A]
170-keepalive
(8) [B0][01][25][07][00][0F][FF]
(64) [B0][01][25][03][04][02][09]
(700) [03][00][0A]
170-keepalive
(8) [B0][01][25][07][00][0F][FF]
(64) [B0][01][25][03][04][02][09]
170-keepalive
(8) [B0][01][25][07][00][0F][FF]
(64) [B0][01][25][03][04][02][09]
(669) [B0][01][25]
170-keepalive
(8) [B0][01][25][07][00][0F][FF]
(64) [B0][01][25][03][04][02][09]
(701) [B0][01][25]
170-keepalive
(8) [B0][01][25][0C][BC][0E][00]
(64) [B0][01][25][03][04][02][09]
(8) [B0][0D][0F][07][00][0F][FF]
(668) [03][00][1A]
170-keepalive
(8) [B0][01][25][07][00][0F][FF]
(64) [B0][01][25][03][04][02][09]
(700) [03][00][0A]
170-keepalive
(8) [B0][01][25][07][00][0F][FF]
(64) [B0][01][25][03][04][02][09]
170-keepalive
(8) [B0][01][25][07][00][0F][FF]
(64) [B0][01][25][03][04][02][09]
(669) [B0][01][25]
170-keepalive
(8) [B0][01][25][07][00][0F][FF]
(64) [B0][01][25][03][04][02][09]
(701) [B0][01][25]
170-keepalive
(8) [B0][01][25][07][00][0F][FF]
(64) [B0][01][25][03][04][02][09]
(668) [03][00][1A]
170-keepalive
(8) [B0][01][25][07][00][0F][FF]
(64) [B0][01][25][03][04][02][09]
(700) [03][00][0A]
170-keepalive
(8) [B0][01][25][07][00][0F][FF]
(64) [B0][01][25][03][04][02][09]
170-keepalive
(8) [B0][01][25][07][00][0F][FF]
(64) [B0][01][25][03][04][02][09]
(669) [B0][01][25]
170-keepalive
(8) [B0][01][25][07][00][0F][FF]
(64) [B0][01][25][03][04][02][08]
(701) [B0][01][25]
170-keepalive
(8) [B0][01][25][0C][BC][0E][00]
(64) [B0][01][25][03][03][02][08]
(8) [B0][0D][0F][07][00][0F][FF]
(668) [03][00][1A]
170-keepalive
(8) [B0][01][25][07][00][0F][FF]
(64) [B0][01][25][03][03][02][07]
(700) [03][00][0A]
170-keepalive
(8) [B0][01][25][07][00][0F][FF]
(64) [B0][01][25][03][03][02][07]
170-keepalive
(8) [B0][01][25][07][00][0F][FF]
(64) [B0][01][25][03][02][02][06]
(669) [B0][01][25]
170-keepalive
(8) [B0][01][25][07][00][0F][FF]
(64) [B0][01][25][03][02][02][06]
(701) [B0][01][25]
170-keepalive
(8) [B0][01][25][07][00][0F][FF]
(64) [B0][01][25][03][01][02][05]
(668) [03][00][1A]
170-keepalive
(8) [B0][01][25][07][00][0F][FF]
(64) [B0][01][25][03][01][02][05]
(700) [03][00][0A]
170-keepalive
(8) [B0][01][25][07][00][0F][FF]
(64) [B0][01][25][03][00][02][04]
170-keepalive
(8) [B0][01][25][07][00][0F][FF]
(64) [B0][01][25][03][00][02][04]
(669) [B0][01][25]
170-keepalive
(8) [B0][01][25][07][00][0F][FF]
(64) [B0][01][25][03][00][02][03]
(701) [B0][01][25]
170-keepalive
(8) [B0][01][25][0C][BC][0E][00]
(64) [B0][01][25][03][00][02][03]
(8) [B0][0D][0F][07][00][0F][FF]
(668) [03][00][1A]
170-keepalive
(8) [B0][01][25][07][00][0F][FF]
(64) [B0][01][25][03][00][02][03]
(700) [03][00][0A]
170-keepalive
(8) [B0][01][25][07][00][0F][FF]
(64) [B0][01][25][03][00][02][02]
170-keepalive
(8) [B0][01][25][07][00][0F][FF]
(64) [B0][01][25][03][00][02][02]
(669) [B0][01][25]
170-keepalive
(8) [B0][01][25][07][00][0F][FF]
(64) [B0][01][25][03][00][02][01]
(701) [B0][01][25]
170-keepalive
(8) [B0][01][25][07][00][0F][FF]
(64) [B0][01][25][03][00][02][01]
(668) [03][00][1A]
170-keepalive
(8) [B0][01][25][07][00][0F][FF]
(64) [B0][01][24][03][00][02][00]
(700) [03][00][0A]
170-keepalive
(8) [B0][01][25][07][00][0F][FF]
(64) [B0][01][24][03][00][02][00]
170-keepalive
(8) [B0][01][25][07][00][0F][FF]
(64) [B0][01][24][03][00][02][00]
(669) [B0][01][25]
170-keepalive
(8) [B0][01][25][07][00][0F][FF]
(64) [B0][01][24][03][00][02][00]
(701) [B0][01][25]
170-keepalive
(8) [B0][01][25][0C][BC][0E][00]
(64) [B0][01][24][03][00][02][00]
(8) [B0][0D][0F][07][00][0F][FF]
(668) [03][00][1A]
170-keepalive
(8) [B0][01][25][07][00][0F][FF]
(64) [B0][01][24][03][00][02][00]
(700) [03][00][0A]
170-keepalive
(8) [B0][01][25][07][00][0F][FF]
(64) [B0][01][24][03][00][02][00]
170-keepalive
(8) [B0][01][25][07][00][0F][FF]
(64) [B0][01][24][03][00][02][00]
(669) [B0][01][25]
170-keepalive
(8) [B0][01][25][07][00][0F][FF]
(64) [B0][01][24][03][00][02][00]
(701) [B0][01][25]
170-keepalive
(8) [B0][01][25][07][00][0F][FF]
(64) [B0][01][22][03][00][02][00]
(668) [03][00][1A]
170-keepalive
(8) [B0][01][21][07][00][0F][FF]
(64) [B0][01][22][03][00][02][00]
(700) [03][00][0A]
(64) [31][01][00][0F]
170-keepalive
(8) [B0][01][22][07][00]
(64) [B0][01][22][03][00][02][00]
170-keepalive
(8) [B0][01][22][07][00]
(64) [B0][01][22][03][00][02][00]
(669) [B0][01][22]
170-keepalive
(8) [B0][01][22][07][00]
(64) [B0][01][22][03][00][02][00]
(701) [B0][01][22]
170-keepalive
(8) [B0][01][22][0C][BC][0E][00]
(8) [B0][0D][0F][07][00]
(64) [B0][01][22][03][00][02][00]
(668) [03][00][1A]
170-keepalive
(8) [B0][01][22][07][00]
(64) [B0][01][22][03][00][02][00]
(700) [03][00][0A]
170-keepalive
(8) [B0][01][22][07][00]
(64) [B0][01][22][03][00][02][00]
170-keepalive
(8) [B0][01][22][07][00]
(64) [B0][01][22][03][00][02][00]
(669) [B0][01][22]
170-keepalive
(8) [B0][01][22][07][00]
(64) [B0][01][22][03][00][02][00]
(701) [B0][01][22]
170-keepalive
(8) [B0][01][22][07][00]
(64) [B0][01][22][03][00][02][00]
(668) [03][00][1A]
170-keepalive
(8) [B0][01][22][07][00]
(64) [B0][01][22][03][00][02][00]
(700) [03][00][0A]
170-keepalive
(8) [B0][01][22][07][00]
(64) [B0][01][22][03][00][02][00]
170-keepalive
(8) [B0][01][22][07][00]
(64) [B0][01][22][03][00][02][00]
(669) [B0][01][22]
170-keepalive
(8) [B0][01][22][07][00]
(64) [B0][01][22][03][00][02][00]
(701) [B0][01][22]
170-keepalive
(8) [B0][01][22][0C][BC][0E][00]
(8) [B0][0D][0F][07][00]
(64) [B0][01][22][03][00][02][00]
(668) [03][00][1A]
170-keepalive
(8) [B0][01][22][07][00]
(64) [B0][01][22][03][00][02][00]
(700) [03][00][0A]
170-keepalive
(8) [B0][01][22][07][00]
(64) [B0][01][22][03][00][02][00]
170-keepalive
(8) [B0][01][22][07][00]
(64) [B0][01][22][03][00][02][00]
(669) [B0][01][22]
170-keepalive
(8) [B0][01][22][07][00]
(64) [B0][01][22][03][00][02][00]
(701) [B0][01][22]
170-keepalive
(8) [B0][01][22][07][00]
(64) [B0][01][22][03][00][02][00]
(668) [03][00][1A]
170-keepalive
(8) [B0][01][22][07][00]
(64) [B0][01][22][03][00][02][00]
(700) [03][00][0A]
170-keepalive
(8) [B0][01][22][07][00]
(64) [B0][01][22][03][00][02][00]
170-keepalive
(8) [B0][01][22][07][00]
(64) [B0][01][22][03][00][02][00]
(669) [B0][01][22]
170-keepalive
(8) [B0][01][22][07][00]
(64) [B0][01][22][03][00][02][00]
(701) [B0][01][22]
170-keepalive
(8) [B0][01][22][0C][BC][0E][00]
(64) [B0][01][22][03][00][02][00]
(8) [B0][0D][0F][07][00]
(668) [03][00][1A]
170-keepalive
(8) [B0][01][22][07][00]
(64) [B0][01][22][03][00][02][00]
(700) [03][00][0A]
170-keepalive
(8) [B0][01][20][07][00]
(64) [B0][01][22][03][00][02][00]
170-keepalive
(8) [B0][01][20][07][00]
(64) [B0][01][20][03][00][02][00]
(8) [31][08][00][03]
(8) [31][08][00][02]
170-keepalive
(8) [B0][01][20][07][00]
(64) [B0][01][20]
(701) [B0][01][20]
170-keepalive
(8) [B0][01][20][07][00]
(64) [B0][01][20]
(668) [03][00][1A]
170-keepalive
(8) [B0][01][20][07][00]
(64) [B0][01][20]
(700) [03][00][0A]
170-keepalive
(8) [B0][01][20][07][00]
(64) [B0][01][20]
170-keepalive
(8) [B0][01][20][07][00]
(64) [B0][01][20]
(669) [B0][01][20]
170-keepalive
(8) [B0][01][20][07][00]
(64) [B0][01][20]
(701) [B0][01][20]
170-keepalive
(8) [B0][01][20][0C][BC][0E][00]
(8) [B0][0D][0F][07][00]
(64) [B0][01][20]
(668) [03][00][1A]
170-keepalive
(8) [B0][01][20][07][00]
(64) [B0][01][20]
(700) [03][00][0A]
170-keepalive
(8) [B0][01][20][07][00]
(64) [B0][01][20]
170-keepalive
(8) [B0][01][20][07][00]
(64) [B0][01][20]
(669) [B0][01][20]
170-keepalive
(8) [B0][01][20][07][00]
(64) [B0][01][20]
(701) [B0][01][20]
170-keepalive
(8) [B0][01][20][07][00]
(64) [B0][01][20]
(668) [03][00][1A]
170-keepalive
(8) [B0][01][20][07][00]
(64) [B0][01][20]
(700) [03][00][0A]
170-keepalive
(8) [B0][01][20][07][00]
(64) [B0][01][20]
170-keepalive
(8) [B0][01][20][07][00]
(64) [B0][01][20]
(669) [B0][01][20]
170-keepalive
(8) [B0][01][20][07][00]
(64) [B0][01][20]
(701) [B0][01][20]
170-keepalive
(8) [B0][01][20][0C][BC][0E][00]
(64) [B0][01][20]
(8) [B0][0D][0F][07][00]
(668) [03][00][1A]
170-keepalive
(8) [B0][01][20][07][00]
(64) [B0][01][20]
(700) [03][00][0A]
170-keepalive
(8) [B0][01][20][07][00]
(64) [B0][01][20]
170-keepalive
(8) [B0][01][20][07][00]
(64) [B0][01][20]
(669) [B0][01][20]
170-keepalive
(8) [B0][01][20][07][00]
(64) [B0][01][20]
(701) [B0][01][20]
170-keepalive
(8) [B0][01][20][07][00]
(64) [B0][01][20]
(668) [03][00][1A]
170-keepalive
(8) [B0][01][20][07][00]
(64) [B0][01][20]
(700) [03][00][0A]
170-keepalive
(8) [B0][01][20][07][00]
(64) [B0][01][20]
170-keepalive
(8) [B0][01][20][07][00]
(64) [B0][01][20]
(669) [B0][01][20]
170-keepalive
(8) [B0][01][20][07][00]
(64) [B0][01][20]
(701) [B0][01][20]
170-keepalive
(8) [B0][01][20][0C][BC][0E][00]
(64) [B0][01][20]
(8) [B0][0D][0F][07][00]
(668) [03][00][1A]
170-keepalive
(8) [B0][01][20][07][00]
(64) [B0][01][20]
(700) [03][00][0A]
170-keepalive
(8) [B0][01][20][07][00]
(64) [B0][01][20]
170-keepalive
(8) [B0][01][20][07][00]
(64) [B0][01][20]
(669) [B0][01][20]
170-keepalive
(8) [B0][01][20][07][00]
(64) [B0][01][20]
(701) [B0][01][20]
170-keepalive
(8) [B0][01][20][07][00]
(64) [B0][01][20]
(668) [03][00][1A]
170-keepalive
(8) [B0][01][20][07][00]
(64) [B0][01][20]
(700) [03][00][0A]
170-keepalive
(8) [B0][01][20][07][00]
(64) [B0][01][20]
170-keepalive
(8) [B0][01][20][07][00]
(64) [B0][01][20]
(669) [B0][01][20]
170-keepalive
(8) [B0][01][20][07][00]
(64) [B0][01][20]
(701) [B0][01][20]
170-keepalive
(8) [B0][01][20][0C][BC][0E][00]
(64) [B0][01][20]
(8) [B0][0D][0F][07][00]
(668) [03][00][1A]
170-keepalive
(8) [B0][01][20][07][00]
(64) [B0][01][20]
(700) [03][00][0A]
Log marked # This is after the joystick was returned to central
170-keepalive
(8) [B0][01][20][07][00]
(64) [B0][01][20]
170-keepalive
(8) [B0][01][20][07][00]
(64) [B0][01][20]
(669) [B0][01][20]
170-keepalive
(8) [B0][01][20][07][00]
(64) [B0][01][20]
(701) [B0][01][20]
170-keepalive
(8) [B0][01][20][07][00]
(64) [B0][01][20]
(668) [03][00][1A]
170-keepalive
(8) [B0][01][20][07][00]
(64) [B0][01][20]
(700) [03][00][0A]
170-keepalive
(8) [B0][01][20][07][00]
(64) [B0][01][20]
170-keepalive
(8) [B0][01][20][07][00]
(64) [B0][01][20]
(669) [B0][01][20]
170-keepalive
(8) [B0][01][20][07][00]
(64) [B0][01][20]
(701) [B0][01][20]
170-keepalive
(8) [B0][01][20][0C][BC][0E][00]
(64) [B0][01][20]
(8) [B0][0D][0F][07][00]
(668) [03][00][1A]
170-keepalive
(8) [B0][01][20][07][00]
(64) [B0][01][20]
(700) [03][00][0A]
170-keepalive
(8) [B0][01][20][07][00]
(64) [B0][01][20]
170-keepalive
(8) [B0][01][20][07][00]
(64) [B0][01][20]
(669) [B0][01][20]
170-keepalive
(8) [B0][01][20][07][00]
(64) [B0][01][20]
(701) [B0][01][20]
170-keepalive
(8) [B0][01][20][07][00]
(64) [B0][01][20]
(668) [03][00][1A]
170-keepalive
(8) [B0][01][20][07][00]
(64) [B0][01][20]
(700) [03][00][0A]
170-keepalive
(8) [B0][01][20][07][00]
(64) [B0][01][20]
170-keepalive
(8) [B0][01][20][07][00]
(64) [B0][01][20]
(669) [B0][01][20]
170-keepalive
(8) [B0][01][20][07][00]
(64) [B0][01][20]
(701) [B0][01][20]
170-keepalive
(8) [B0][01][20][0C][BC][0E][00]
(64) [B0][01][20]
(8) [B0][0D][0F][07][00]
(668) [03][00][1A]
170-keepalive
(8) [B0][01][20][07][00]
(64) [B0][01][20]
(700) [03][00][0A]
170-keepalive
(8) [B0][01][20][07][00]
(64) [B0][01][20]
170-keepalive
(8) [B0][01][20][07][00]
(64) [B0][01][20]
(669) [B0][01][20]
170-keepalive
(8) [B0][01][20][07][00]
(64) [B0][01][20]
(701) [B0][01][20]
170-keepalive
(8) [B0][01][20][07][00]
(64) [B0][01][20]
(668) [03][00][1A]
170-keepalive
(8) [B0][01][20][07][00]
(64) [B0][01][20]
(700) [03][00][0A]
170-keepalive
(8) [B0][01][20][07][00]
(64) [B0][01][20]
170-keepalive
(8) [B0][01][20][07][00]
(64) [B0][01][20]
(669) [B0][01][20]
170-keepalive
(8) [B0][01][20][07][00]
(64) [B0][01][20]
(701) [B0][01][20]
170-keepalive
(8) [B0][01][20][0C][BC][0E][00]
(64) [B0][01][20]
(8) [B0][0D][0F][07][00]
(668) [03][00][1A]
170-keepalive
(8) [B0][01][20][07][00]
(64) [B0][01][20]
(700) [03][00][0A]
170-keepalive
(8) [B0][01][20][07][00]
(64) [B0][01][20]
170-keepalive
(8) [B0][01][20][07][00]
(64) [B0][01][20]
(669) [B0][01][20]
170-keepalive
(8) [B0][01][20][07][00]
(64) [B0][01][20]
(701) [B0][01][20]
170-keepalive
(8) [B0][01][20][07][00]
(64) [B0][01][20]
(668) [03][00][1A]
170-keepalive
(8) [B0][01][20][07][00]
(64) [B0][01][20]
(700) [03][00][0A]
170-keepalive
(8) [B0][01][20][07][00]
(64) [B0][01][20]
170-keepalive
(8) [B0][01][20][07][00]
(64) [B0][01][20]
(669) [B0][01][20]
170-keepalive
(8) [B0][01][20][07][00]
(64) [B0][01][20]
(701) [B0][01][20]
170-keepalive
(8) [B0][01][20][0C][BC][0E][00]
(64) [B0][01][20]
(8) [B0][0D][0F][07][00]
(668) [03][00][1A]
170-keepalive
(8) [B0][01][20][07][00]
(64) [B0][01][20]
(700) [03][00][0A]
170-keepalive
(8) [B0][01][20][07][00]
(64) [B0][01][20]
170-keepalive
(8) [B0][01][20][07][00]
(64) [B0][01][20]
(669) [B0][01][20]
170-keepalive
(8) [B0][01][20][07][00]
(64) [B0][01][20]
(701) [B0][01][20]
170-keepalive
(8) [B0][01][20][07][00]
(64) [B0][01][20]
(668) [03][00][1A]
170-keepalive
(8) [B0][01][20][07][00]
(64) [B0][01][20]
(700) [03][00][0A]
170-keepalive
(8) [B0][01][20][07][00]
(64) [B0][01][20]
170-keepalive
(8) [B0][01][20][07][00]
(64) [B0][01][20]
(669) [B0][01][20]
170-keepalive
(8) [B0][01][20][07][00]
(64) [B0][01][20]
(701) [B0][01][20]
170-keepalive
(8) [B0][01][20][0C][BC][0E][00]
(64) [B0][01][20]
(8) [B0][0D][0F][07][00]
(668) [03][00][1A]
170-keepalive
(8) [B0][01][20][07][00]
(64) [B0][01][20]
(700) [03][00][0A]
170-keepalive
(8) [B0][01][20][07][00]
(64) [B0][01][20]
170-keepalive
(8) [B0][01][20][07][00]
(64) [B0][01][20]
(669) [B0][01][20]
170-keepalive
(8) [B0][01][20][07][00]
(64) [B0][01][20]
(701) [B0][01][20]
170-keepalive
(8) [B0][01][20][07][00]
(64) [B0][01][20]
(668) [03][00][1A]
170-keepalive
(8) [B0][01][20][07][00]
(64) [B0][01][20]
(700) [03][00][0A]
170-keepalive
(8) [B0][01][20][07][00]
(64) [B0][01][20]
170-keepalive
(8) [B0][01][20][07][00]
(64) [B0][01][20]
(669) [B0][01][20]
170-keepalive
(8) [B0][01][20][07][00]
(64) [B0][01][20]
(701) [B0][01][20]
170-keepalive
(8) [B0][01][20][0C][BC][0E][00]
(64) [B0][01][20]
(8) [B0][0D][0F][07][00]
(668) [03][00][1A]
170-keepalive
(8) [B0][01][20][07][00]
(64) [B0][01][20]
(700) [03][00][0A]
170-keepalive
(8) [B0][01][20][07][00]
(64) [B0][01][20]
170-keepalive
(8) [B0][01][20][07][00]
(64) [B0][01][20]
(669) [B0][01][20]
170-keepalive
(8) [B0][01][20][07][00]
(64) [B0][01][20]
(701) [B0][01][20]
170-keepalive
(8) [B0][01][20][07][00]
(64) [B0][01][20]
(668) [03][00][1A]
170-keepalive
(8) [B0][01][20][07][00]
(64) [B0][01][20]
(700) [03][00][0A]
170-keepalive
(8) [B0][01][20][07][00]
(64) [B0][01][20]
170-keepalive
(8) [B0][01][20][07][00]
(64) [B0][01][20]
(669) [B0][01][20]
170-keepalive
(8) [B0][01][20][07][00]
(64) [B0][01][20]
(701) [B0][01][20]
170-keepalive
(8) [B0][01][20][0C][BC][0E][00]
(64) [B0][01][20]
(8) [B0][0D][0F][07][00]
(668) [03][00][1A]
170-keepalive
(8) [B0][01][20][07][00]
(64) [B0][01][20]
(700) [03][00][0A]
170-keepalive
(8) [B0][01][20][07][00]
(64) [B0][01][20]
170-keepalive
(8) [B0][01][20][07][00]
(64) [B0][01][20]
(669) [B0][01][20]
170-keepalive
(8) [B0][01][20][07][00]
(64) [B0][01][20]
(701) [B0][01][20]
170-keepalive
(8) [B0][01][20][07][00]
(64) [B0][01][20]
(668) [03][00][1A]
170-keepalive
(8) [B0][01][20][07][00]
(64) [B0][01][20]
(700) [03][00][0A]
170-keepalive
(8) [B0][01][20][07][00]
(64) [B0][01][20]
170-keepalive
(8) [B0][01][20][07][00]
(64) [B0][01][20]
(669) [B0][01][20]
170-keepalive
(8) [B0][01][20][07][00]
(64) [B0][01][20]
(701) [B0][01][20]
170-keepalive
(8) [B0][01][20][0C][BC][0E][00]
(64) [B0][01][20]
(8) [B0][0D][0F][07][00]
(668) [03][00][1A]
170-keepalive
(8) [B0][01][20][07][00]
(64) [B0][01][20]
(700) [03][00][0A]
170-keepalive
(8) [B0][01][20][07][00]
(64) [B0][01][20]
170-keepalive
(8) [B0][01][20][07][00]
(64) [B0][01][20]
(669) [B0][01][20]
170-keepalive
(8) [B0][01][20][07][00]
(64) [B0][01][20]
(701) [B0][01][20]
170-keepalive
(8) [B0][01][20][07][00]
(64) [B0][01][20]
(668) [03][00][1A]
170-keepalive
(8) [B0][01][20][07][00]
(64) [B0][01][20]
(700) [03][00][0A]
170-keepalive
(8) [B0][01][20][07][00]
(64) [B0][01][20]
170-keepalive
(8) [B0][01][20][07][00]
(64) [B0][01][20]
(669) [B0][01][20]
170-keepalive
(8) [B0][01][20][07][00]
(64) [B0][01][20]
(701) [B0][01][20]
170-keepalive
(8) [B0][01][20][0C][BC][0E][00]
(64) [B0][01][20]
(8) [B0][0D][0F][07][00]
(668) [03][00][1A]
170-keepalive
(8) [B0][01][20][07][00]
(64) [B0][01][20]
(700) [03][00][0A]
170-keepalive
(8) [B0][01][20][07][00]
(64) [B0][01][20]
170-keepalive
(8) [B0][01][20][07][00]
(64) [B0][01][20]
(669) [B0][01][20]
170-keepalive
(8) [B0][01][20][07][00]
(64) [B0][01][20]
(701) [B0][01][20]
170-keepalive
(8) [B0][01][20][07][00]
(64) [B0][01][20]
(668) [03][00][1A]
170-keepalive
(8) [B0][01][20][07][00]
(64) [B0][01][20]
(700) [03][00][0A]
170-keepalive
(8) [B0][01][20][07][00]
(64) [B0][01][20]
170-keepalive
(8) [B0][01][20][07][00]
(64) [B0][01][20]
(669) [B0][01][20]
170-keepalive
(8) [B0][01][20][07][00]
(64) [B0][01][20]
(701) [B0][01][20]
170-keepalive
(8) [B0][01][20][0C][BC][0E][00]
(64) [B0][01][20]
(8) [B0][0D][0F][07][00]
(668) [03][00][1A]
170-keepalive
(8) [B0][01][20][07][00]
(64) [B0][01][20]
(700) [03][00][0A]
170-keepalive
(8) [B0][01][20][07][00]
(64) [B0][01][20]
170-keepalive
(8) [B0][01][20][07][00]
(64) [B0][01][20]
(669) [B0][01][20]
170-keepalive
(8) [B0][01][20][07][00]
(64) [B0][01][20]
(701) [B0][01][20]
170-keepalive
(8) [B0][01][20][07][00]
(64) [B0][01][20]
(668) [03][00][1A]
170-keepalive
(8) [B0][01][20][07][00]
(64) [B0][01][20]
(700) [03][00][0A]
170-keepalive
(8) [B0][01][20][07][00]
(64) [B0][01][20]
170-keepalive
(8) [B0][01][20][07][00]
(64) [B0][01][20]
(669) [B0][01][20]
170-keepalive
(8) [B0][01][20][07][00]
(64) [B0][01][20]
(701) [B0][01][20]
170-keepalive
(8) [B0][01][20][0C][BC][0E][00]
(64) [B0][01][20]
(8) [B0][0D][0F][07][00]
(668) [03][00][1A]
170-keepalive
(8) [B0][01][20][07][00]
(64) [B0][01][20]
(700) [03][00][0A]
170-keepalive
(8) [B0][01][20][07][00]
(64) [B0][01][20]
170-keepalive
(8) [B0][01][20][07][00]
(64) [B0][01][20]
(669) [B0][01][20]
170-keepalive
(8) [B0][01][20][07][00]
(64) [B0][01][20]
(701) [B0][01][20]
170-keepalive
(8) [B0][01][20][07][00]
(64) [B0][01][20]
(668) [03][00][1A]
170-keepalive
(8) [B0][01][20][07][00]
(64) [B0][01][20]
(700) [03][00][0A]
170-keepalive
(8) [B0][01][20][07][00]
(64) [B0][01][20]
170-keepalive
(8) [B0][01][20][07][00]
(64) [B0][01][20]
(669) [B0][01][20]
170-keepalive
(8) [B0][01][20][07][00]
(64) [B0][01][20]
(701) [B0][01][20]
170-keepalive
(8) [B0][01][20][0C][BC][0E][00]
(64) [B0][01][20]
(8) [B0][0D][0F][07][00]
(668) [03][00][1A]
170-keepalive
(8) [B0][01][20][07][00]
(64) [B0][01][20]
(700) [03][00][0A]
170-keepalive
(8) [B0][01][20][07][00]
(64) [B0][01][20]
170-keepalive
(8) [B0][01][20][07][00]
(64) [B0][01][20]
(669) [B0][01][20]
170-keepalive
(8) [B0][01][20][07][00]
(64) [B0][01][20]
(701) [B0][01][20]
170-keepalive
(8) [B0][01][20][07][00]
(64) [B0][01][20]
(668) [03][00][1A]
170-keepalive
(8) [B0][01][20][07][00]
(64) [B0][01][20]
(700) [03][00][0A]
170-keepalive
(8) [B0][01][20][07][00]
(64) [B0][01][20]
170-keepalive
(8) [B0][01][20][07][00]
(64) [B0][01][20]
(669) [B0][01][20]
170-keepalive
(8) [B0][01][20][07][00]
(64) [B0][01][20]
(701) [B0][01][20]
170-keepalive
(8) [B0][01][20][0C][BC][0E][00]
(64) [B0][01][20]
(8) [B0][0D][0F][07][00]
(668) [03][00][1A]
170-keepalive
(8) [B0][01][20][07][00]
(64) [B0][01][20]
(700) [03][00][0A]
170-keepalive
(8) [B0][01][20][07][00]
(64) [B0][01][20]
170-keepalive
(8) [B0][01][20][07][00]
(64) [B0][01][20]
(669) [B0][01][20]
170-keepalive
(8) [B0][01][20][07][00]
(64) [B0][01][20]
(701) [B0][01][20]
170-keepalive
(8) [B0][01][20][07][00]
(64) [B0][01][20]
(668) [03][00][1A]
170-keepalive
(8) [B0][01][20][07][00]
(64) [B0][01][20]
(700) [03][00][0A]
170-keepalive
(8) [B0][01][20][07][00]
(64) [B0][01][20]
170-keepalive
(8) [B0][01][20][07][00]
(64) [B0][01][20]
(669) [B0][01][20]
170-keepalive
(8) [B0][01][20][07][00]
(64) [B0][01][20]
(701) [B0][01][20]
170-keepalive
(8) [B0][01][20][0C][BC][0E][00]
(64) [B0][01][20]
(8) [B0][0D][0F][07][00]
(668) [03][00][1A]
170-keepalive
(8) [B0][01][20][07][00]
(64) [B0][01][20]
(700) [03][00][0A]
170-keepalive
(8) [B0][01][20][07][00]
(64) [B0][01][20]
170-keepalive
(8) [B0][01][20][07][00]
(64) [B0][01][20]
(669) [B0][01][20]
170-keepalive
(8) [B0][01][20][07][00]
(64) [B0][01][20]
(701) [B0][01][20]
170-keepalive
(8) [B0][01][20][07][00]
(64) [B0][01][20]
(668) [03][00][1A]
170-keepalive
(8) [B0][01][20][07][00]
(64) [B0][01][20]
(700) [03][00][0A]
170-keepalive
(8) [B0][01][20][07][00]
(64) [B0][01][20]
170-keepalive
(8) [B0][01][20][07][00]
(64) [B0][01][20]
(669) [B0][01][20]
170-keepalive
(8) [B0][01][20][07][00]
(64) [B0][01][20]
(701) [B0][01][20]
170-keepalive
(8) [B0][01][20][0C][BC][0E][00]
(64) [B0][01][20]
(8) [B0][0D][0F][07][00]
(668) [03][00][1A]
170-keepalive
(64) [B0][01][20]
(8) [B0][01][20][07][00]
(700) [03][00][0A]
170-keepalive
(64) [B0][01][20]
(8) [B0][01][20][07][00]
170-keepalive
(8) [B0][01][20][07][00]
(64) [B0][01][20]
(669) [B0][01][20]
170-keepalive
(8) [B0][01][20][07][00]
(64) [B0][01][20]
(701) [B0][01][20]
170-keepalive
(64) [B0][01][20]
(8) [B0][01][20][07][00]
(668) [03][00][1A]
170-keepalive
(8) [B0][01][20][07][00]
(64) [B0][01][20]
(700) [03][00][0A]
170-keepalive
(8) [B0][01][20][07][00]
(64) [B0][01][20]
170-keepalive
(8) [B0][01][20][07][00]
(64) [B0][01][20]
(669) [B0][01][20]
170-keepalive
(8) [B0][01][20][07][00]
(64) [B0][01][20]
(701) [B0][01][20]
170-keepalive
(8) [B0][01][20][0C][BC][0E][00]
(64) [B0][01][20]
(8) [B0][0D][0F][07][00]
(668) [03][00][1A]
170-keepalive
(64) [B0][01][20]
(8) [B0][01][20][07][00]
(700) [03][00][0A]
170-keepalive
(64) [B0][01][20]
(8) [B0][01][20][07][00]
170-keepalive
(64) [B0][01][20]
(8) [B0][01][20][07][00]
(669) [B0][01][20]
170-keepalive
(64) [B0][01][20]
(8) [B0][01][20][07][00]
(701) [B0][01][20]
170-keepalive
(64) [B0][01][20]
(8) [B0][01][20][07][00]
(668) [03][00][1A]
170-keepalive
(64) [B0][01][20]
(8) [B0][01][20][07][00]
(700) [03][00][0A]
170-keepalive
(8) [B0][01][20][07][00]
(64) [B0][01][01]
170-keepalive
(64) [B0][01][01]
(8) [B0][01][01][07][00]
(669) [B0][01][01]
170-keepalive
(8) [B0][01][01][07][00]
(64) [B0][01][01]
(701) [B0][01][01]
170-keepalive
(8) [B0][01][01][0C][BC][0E][00]
(64) [B0][01][01]
(8) [B0][0D][0F][07][00]
(668) [03][00][00]
170-keepalive
(8) [B0][01][01][07][00]
(64) [B0][01][01]
(700) [03][00][00]
170-keepalive
(64) [B0][01][01]
170-keepalive
(64) [B0][01][01]
(669) [AA][04][01]
170-keepalive
(64) [B0][01][01]
(701) [AA][04][01]
(64) [30][01][00][01]
170-keepalive
(64) [B0][01][01]
(668) [03][00][00]
170-keepalive
(64) [B0][01][01]
(700) [03][00][00]
(64) [30][01][00][01]
170-keepalive
(64) [B0][01][01]
170-keepalive
(64) [B0][01][01]
(669) [AA][04][00]
(64) [30][01][00][01]
170-keepalive
(64) [B0][01][01]
(701) [AA][04][00]
170-keepalive
(64) [B0][01][01]
(668) [03][00][00]
(64) [30][01][00][01]
170-keepalive
(64) [B0][01][01]
(700) [03][00][00]
170-keepalive
(64) [B0][01][01]
(64) [30][01][00][01]
170-keepalive
(64) [B0][01][01]
(669) [AA][04][01]
170-keepalive
(64) [B0][01][01]
